1 2 9 9 500 9
1497.725991747117 1491.4851579220597 1514.5494302694838 1510.0470013973074 1507.5469690210732 1503.3835913112732 1493.2049036855299 1493.8785070373806 1510.7295658066719 163.33494851500052 135.54663993860802 150.2233413522365 141.66944287985697 133.70659709398012 143.36686730273945 143.12406110130513 157.29223408623304 134.66523510367443
1485.1545290847505 1481.5444897253699 1499.5815876315728 1505.8705169977766 1492.021864225026 1513.0773192754841 1480.9642471644788 1497.521660193749 1503.7899604680795 145.32270932681928 142.27340475585143 155.61960357384194 139.70276519890476 152.8295620463196 155.38322508411017 152.62939562064543 139.51506878547448 152.83387587155514
1497.7123242493744 1497.77479437129 1500.5994944728818 1498.4686277307392 1490.094390873211 1509.008868460297 1507.363822099661 1498.0870406639592 1491.9121267522821 157.60165733213697 147.4265222049841 146.1472550029781 158.63317930514035 143.908296782593 152.483501983006 155.72721346289103 163.18336458364433 156.15779606567025
1503.9781921779122 1497.5833323045872 1507.7246830835677 1519.9350296761904 1506.3534217259494 1507.288993077724 1502.0526530398126 1498.6719815265722 1494.8234783811608 169.38654133017894 153.56151687654565 144.5217096721499 135.12405610799172 146.44698969150832 154.38260406249378 144.0772684525877 160.4032597269425 151.84572410815926
1511.9958404645165 1520.1103009274182 1490.508361105579 1484.0672261224427 1506.4658864456517 1497.3845450066294 1502.17154369427 1506.3842509257233 1509.111631509112 153.38529269135714 157.29968208467247 147.112580812785 149.14307612244133 145.4275461156179 135.72828729758294 138.08535645888716 161.6349057107565 160.95807182432736
1519.9741792239024 1526.254977919137 1491.4196599453453 1510.871969851059 1490.9777059239402 1499.8975561330883 1494.3946685257279 1489.80853260388 1508.7258986136005 166.72836865812025 147.6069400796718 154.24323125278622 159.93612448618603 138.8862085058843 138.12816940994827 154.2891030789901 147.26046007200625 157.37876731554738
1512.315185832545 1519.8326671615832 1500.6178277539293 1483.3715983821764 1506.0036518840288 1508.3146107616099 1508.7765805825047 1520.4162036736664 1514.778048938038 130.41330157036762 163.98931979159426 139.74035320253148 161.78614616190623 131.65182553366617 132.63674932721133 137.88827928966802 139.34847936186912 149.63510409535164
1508.5172760281487 1499.892532823688 1484.0252710368627 1493.683638168579 1515.7614161378494 1490.1712018345431 1519.2967783116433 1504.070401932665 1490.6443784556116 149.73433307338072 121.06613320983426 157.84082857519178 150.7163689307648 139.44225970677653 153.31046101347505 137.41338695443153 146.77771950545522 146.85197999607314
1500.8745360702778 1504.574172461416 1498.030328228694 1493.0614626404117 1510.507185054398 1488.8389971084146 1508.047305783201 1508.8149765677822 1508.729567301586 143.3723276043555 141.7936053551178 138.79033750680946 130.29700745527714 155.9788161041545 134.76007072525653 155.4182373711628 142.27892788192932 151.81542457033873
