1 2 49 4 500 9
1513.8025237142772 1500.5569815463107 1519.8815179070214 1493.8746813537748 129.16991358024256 155.33344801141294 184.8582663093633 140.07443436426843
1503.961257202687 1503.1421079740223 1507.8830857991393 1498.8600711802703 144.61778425761952 149.8815514945123 156.06940250257597 151.26761445458456
1502.2202838056928 1498.8579965670413 1505.2761264399699 1493.2426408047554 154.13338309643535 157.8671736506122 163.0195058985879 137.4583809914647
1491.9137571278893 1518.3936730596859 1503.5690469507463 1506.5833643268172 150.5380723926922 135.54609836264777 136.55655441699417 147.38188898204902
1502.6977724203448 1511.4609420034128 1517.4086045152487 1506.9603304486384 152.9826467753089 149.21617314057895 169.26244881865713 170.86128887999038
1496.3986397592284 1497.753804045661 1509.069509589826 1505.854155181917 147.39490137569837 118.40549322688466 163.8788773309414 149.0859783334857
1506.8713133859194 1499.3389639586183 1509.5167627221304 1514.3077582819892 146.09415874756564 165.24940304040885 164.2570859164137 148.88044819280736
1502.878410110579 1493.8231104716485 1502.401635971669 1488.506452564522 158.13952977002793 161.24624782346376 149.19878850721526 155.16222355779098
1499.7542308140867 1505.205795715512 1510.624059514683 1502.2493979352262 148.28741681757015 147.72492432944483 145.46092503602546 144.1167852737411
