1 2 3 4 500 9
1503.8433738268998 1505.1626966723836 1505.8976012854137 1495.7284123337672 167.3366360655751 137.1242359453354 130.20345800536603 157.1454448209908
1504.6976063998045 1517.7336445094693 1504.3056831371343 1490.7061828239894 159.22207104875764 154.0716684133663 134.96493242446724 148.1285667911835
1506.2577617022769 1487.0824160527955 1494.3072471702571 1505.434002655759 148.53823020316526 147.04140452137239 169.43813891053225 145.0452199234362
1503.770057704398 1501.4411424725622 1510.6925267771885 1496.6343645989919 131.69164777341058 150.80243943979528 144.12904163547825 149.06913718846732
1505.5537039596686 1490.596335920047 1518.168945926069 1496.853488761869 154.42995183502717 146.2733940116593 157.9222019231292 135.77215820914964
1487.5378590698483 1499.9023294569702 1507.5000355545346 1507.1360514030944 146.35408955387555 152.35101196831627 151.45103812355666 154.69236863435714
1497.5726349819038 1491.8250515693712 1501.7581489825395 1509.9326097251198 162.28177851000572 146.79258905853112 154.70279362321116 149.08224045220925
1488.0406080067 1494.4844527269756 1498.0813470840226 1505.2086315268075 136.01972273520698 156.319447020427 136.96735502509404 164.92787938375025
1505.75634436243 1475.0905909472401 1500.9715941207949 1500.6329454509341 140.27716224190445 144.41282910154789 165.2530253120276 141.7843646186218
