1 2 49 4 500 9
1496.0780870229162 1506.7025819409605 1515.4949903241925 1497.639718683564 171.18162436188135 145.3445823607064 142.03283070941802 157.3607730181424
1488.214429880701 1502.0791280319131 1502.2598929874334 1489.8778755365724 141.08277283246056 153.89957368195977 139.60481546213933 153.78249720603637
1499.5184350612506 1496.9898101679275 1506.125946951498 1509.7544354961458 166.44889951208526 148.5441043662654 156.93272721876616 149.1999880874584
1500.839116108771 1495.0980762283757 1491.7409648057608 1504.971996583049 163.19844860981806 147.48927354989013 135.35565582001425 157.67150243850665
1501.5135720002188 1486.765917793007 1502.6731809467183 1503.942473918841 133.15219753817317 151.81296959047353 133.50306789781243 147.4473819006108
1494.2904914576416 1500.5383336183777 1501.7262472358811 1504.556855752545 143.99908975108255 138.74066313518816 143.71862627198234 146.45665429924617
1496.1683562845333 1492.7019996041079 1494.839452132684 1483.343576416575 159.8353342410908 144.59502141308562 161.57054293287277 164.98883487098254
1500.793181757918 1492.9821864037865 1489.269942694476 1489.4287740601806 151.884584088463 134.46797547738524 147.73424413865683 146.8955432497983
1483.562902096413 1500.0316689893593 1500.733474516654 1506.8438620590773 146.98268613905094 131.9422025464183 173.85058814358504 129.7160053898573
