1 2 3 4 500 9
1513.9535601488788 1493.5996335429431 1490.462152227758 1505.3673909512768 150.0572640173562 136.7092161808996 147.06574862550247 143.6363890992367
1484.3272649542714 1489.116391439354 1499.4236632609836 1506.652008462972 135.99807542553367 134.52710468552124 153.89585243905108 155.89969694761197
1502.5242078624503 1514.6061231425508 1492.21549130492 1496.0977685067774 139.59644624807387 144.0772503666864 145.12975256456696 136.39822288326943
1500.2376921771263 1503.1027542419208 1484.6174123969088 1516.3508561150122 151.4059812859827 150.6463576294238 156.57548023903533 149.81010628526272
1503.4899623663753 1501.8680173597068 1505.1157265559295 1517.8906195150164 136.0244531496448 157.465812326351 158.43578803955157 161.26087858731128
1509.3896899025542 1509.5944721484525 1497.979077565772 1489.3452482707614 158.76751148199259 167.86680013817715 147.8200794074052 142.709961666098
1505.4329350950354 1505.7961253097783 1501.0764379441111 1494.3600888561728 146.62904246947116 145.09719235079177 145.5228095208131 150.00015423859236
1493.8517494418466 1501.85966638545 1500.5112803392244 1483.708703912925 161.61909043501598 146.86578762859358 160.63623624414305 125.88955956328458
1503.0423749213105 1489.7618205859646 1492.7122361536 1530.0813272804212 156.06977731972958 168.90413581541736 131.9254098746302 151.42391831733505
